%YAML:1.0
width: 1280
height: 800
fps: 200
imu_freq: 1000
